-0.21282337605953217,-0.19306805729866028,0.093588687479496,
-0.20018218457698822,-0.20945139229297638,0.16082486510276794,
-0.3359048664569855,-0.15078967809677124,0.05907899886369705,
-0.33583199977874756,-0.1502322405576706,0.057648420333862305,
0.05311975255608559,-0.18565864861011505,-0.006054825149476528,
0.12296134233474731,-0.17533940076828003,0.1145404800772667,
0.2849521040916443,-0.16635650396347046,0.08864542096853256,
0.2699633240699768,-0.16285257041454315,-0.049758318811655045,
0.4158840477466583,-0.14376965165138245,0.01426573097705841,
0.442768394947052,-0.14953462779521942,0.1630353182554245,
0.5787491202354431,-0.14651501178741455,0.1326669156551361,
0.5546953082084656,-0.11556307971477509,0.007492832839488983,
0.2858896255493164,-0.3363851308822632,0.03837493062019348,
0.20108243823051453,-0.3176499307155609,0.06349026411771774,
0.09282141923904419,-0.2512865662574768,0.14076048135757446,
-0.27511098980903625,-0.13938720524311066,0.035916104912757874,
-0.07268271595239639,0.015256776474416256,-0.22624607384204865,
0.033499449491500854,0.040975164622068405,-0.18100221455097198,
0.07935405522584915,-0.07324913889169693,-0.07537367194890976,
0.27167218923568726,-0.0918528288602829,-0.06861712783575058,
0.352806955575943,-0.09258760511875153,-0.07210704684257507,
0.4404711425304413,-0.10203491896390915,-0.10835587233304977,
0.5145527720451355,-0.09169240295886993,-0.07647284865379333,
0.38077884912490845,-0.26282623410224915,-0.2815939784049988,
0.16223451495170593,-0.1964752972126007,-0.23405590653419495,
-0.0324266292154789,-0.19661656022071838,-0.22663885354995728,
-0.015856917947530746,-0.26805824041366577,-0.14149421453475952,
-0.0081997811794281,-0.544805645942688,-0.1362423151731491,
-0.10489550977945328,-0.539315938949585,-0.14844690263271332,
-0.16490137577056885,-0.31710582971572876,-0.12219776958227158,
-0.05672428756952286,-0.29703718423843384,-0.12012849003076553,
-0.15076377987861633,-0.25334861874580383,-0.25316181778907776,
-0.08051147311925888,-0.23836569488048553,-0.25710707902908325,
0.14571432769298553,-0.26229020953178406,-0.22988493740558624,
0.1768898218870163,-0.1335524320602417,0.010362938046455383,
0.16034449636936188,-0.296257883310318,-0.17082658410072327,
0.14617325365543365,-0.4147064983844757,-0.3086665868759155,
0.16809959709644318,-0.09059593826532364,-0.2550967335700989,
0.05330902710556984,-0.0012877992121502757,-0.19313368201255798,
0.057503823190927505,0.1358635127544403,-0.139137864112854,
-0.1053524762392044,0.1744224727153778,-0.15746305882930756,
-0.0759250670671463,0.027197476476430893,-0.24645859003067017,
-0.17809422314167023,-0.12088172882795334,-0.15257026255130768,
-0.19067470729351044,-0.1937558650970459,-0.08079288899898529,
-0.25394344329833984,-0.35362163186073303,-0.24413849413394928,
-0.1962907910346985,-0.19561609625816345,-0.35879507660865784,
-0.1385256052017212,-0.2471671849489212,-0.28556135296821594,
-0.12279429286718369,-0.23769058287143707,-0.21161779761314392,
-0.10432133078575134,-0.21809522807598114,-0.1489911824464798,
-0.09688102453947067,-0.1575225293636322,-0.016796903684735298,
-0.057542022317647934,-0.16690300405025482,0.098342165350914,
0.1911660134792328,-0.14648889005184174,0.04263021796941757,
0.1540094017982483,-0.18802425265312195,-0.10226956009864807,
0.12682397663593292,-0.18014706671237946,-0.19121719896793365,
0.12915930151939392,-0.2930378317832947,-0.27181077003479004,
0.0536617785692215,-0.2666442394256592,0.12847839295864105,
0.32648253440856934,-0.19742192327976227,0.12027882784605026,
0.2588784992694855,-0.4850277602672577,-0.23751744627952576,
0.39162111282348633,-0.5550053119659424,-0.011496243067085743,
0.417528361082077,-0.4778442084789276,0.041778601706027985,
0.49808093905448914,-0.4535313844680786,-0.001902714022435248,
0.5436174869537354,-0.33151599764823914,0.01302883867174387,
0.5540675520896912,-0.24019920825958252,0.03793061524629593,
0.38147440552711487,-0.1825990080833435,0.037642501294612885,
0.09132740646600723,-0.11772335320711136,-0.020276598632335663,
-0.20555803179740906,-0.15121157467365265,0.0676366537809372,
-0.10901608318090439,-0.17761318385601044,0.17025098204612732,
0.030665988102555275,0.034911878407001495,-0.14875690639019012,
0.01778513938188553,0.05877797305583954,-0.1497696340084076,
-0.21620143949985504,-0.13793210685253143,0.01866442896425724,
-0.05058887228369713,-0.14356526732444763,0.015092452988028526,
0.05060829594731331,-0.3706786036491394,-0.06175551936030388,
0.30926191806793213,-0.15627051889896393,0.06357411295175552,
0.5576156973838806,-0.12904983758926392,-0.009806402958929539,
0.3682980239391327,-0.012810654006898403,-0.21522879600524902,
0.3136134743690491,-0.011079785414040089,-0.09362094849348068,
0.2874959111213684,-0.1430824249982834,-0.2122105211019516,
0.1548140048980713,-0.09580721706151962,-0.24513453245162964,
0.24285101890563965,-0.1570398509502411,0.1357416957616806,
-0.19372868537902832,-0.14351755380630493,0.06847196817398071,
-0.3196592926979065,-0.1479589343070984,0.08637192100286484,
-0.3152846097946167,-0.1635950207710266,0.10995664447546005,
-0.3257160782814026,-0.17517805099487305,0.18045449256896973,
-0.05530612915754318,-0.08974850177764893,-0.30259695649147034,
-0.0700584203004837,0.025518441572785378,-0.22192694246768951,
-0.15306846797466278,-0.15814103186130524,-0.25858163833618164,
-0.10316768288612366,-0.13338647782802582,-0.2606706917285919,
-0.050139863044023514,-0.12611925601959229,-0.26883628964424133,
0.04445289447903633,-0.10754777491092682,-0.23827466368675232,
0.06457050144672394,0.031122419983148575,-0.151460200548172,
0.16352522373199463,-0.13156282901763916,-0.010196671821177006,
0.26207900047302246,-0.12444621324539185,-0.024436291307210922,
0.25931334495544434,-0.16977614164352417,0.07971734553575516,
-0.271815687417984,-0.3463631868362427,-0.1527089625597,
-0.12432152032852173,-0.37545526027679443,-0.009657423011958599,
-0.007472959812730551,-0.3572898209095001,0.008107869885861874,
0.13783051073551178,-0.3414624333381653,0.04013313725590706,
0.24914906919002533,-0.3054470121860504,0.05091596394777298,
0.29119256138801575,-0.2514486312866211,0.1843433678150177,
-0.0008623794419690967,-0.23507028818130493,0.13297906517982483,
